Sampling results below finished at: 2025-04-11 13:07:37.757850
Channel 8 results
Counts: [9, 8, 6]
Trial 0 timestamps: [828964816137, 828964816296, 828964816318, 828964820193, 828964822435, 828964824025, 828964825237, 828964826049, 828964826074]
Trial 1 timestamps: [829357485306, 829357487183, 829357487205, 829357491299, 829357491544, 829357492240, 829357494092, 829357495174]
Trial 2 timestamps: [829718438132, 829718438798, 829718440461, 829718441565, 829718443575, 829718443597]

Channel 10 results
Counts: [9, 8, 10]
Trial 0 timestamps: [828964816640, 828964816661, 828964819380, 828964819600, 828964820558, 828964822048, 828964822070, 828964824283, 828964826422]
Trial 1 timestamps: [829357488279, 829357488304, 829357489984, 829357492364, 829357492386, 829357495823, 829357496733, 829357496759]
Trial 2 timestamps: [829718431868, 829718431894, 829718433028, 829718435778, 829718436212, 829718436238, 829718438248, 829718438274, 829718440705, 829718444357]

******************************************************
Sampling results below finished at: 2025-04-11 13:08:05.400695
Channel 8 results
Counts: [8, 6, 8]
Trial 0 timestamps: [834593876564, 834593876585, 834593879159, 834593881857, 834593882415, 834593882445, 834593885268, 834593888026]
Trial 1 timestamps: [834982288521, 834982289166, 834982291945, 834982292938, 834982292959, 834982292981]
Trial 2 timestamps: [835247834909, 835247835820, 835247836679, 835247839519, 835247840584, 835247840610, 835247842814, 835247844494]

Channel 10 results
Counts: [10, 3, 8]
Trial 0 timestamps: [834593878548, 834593879622, 834593881685, 834593881706, 834593881732, 834593884889, 834593884907, 834593887386, 834593887407, 834593887429]
Trial 1 timestamps: [834982291838, 834982295240, 834982295485]
Trial 2 timestamps: [835247835510, 835247835532, 835247837929, 835247837955, 835247837976, 835247841207, 835247843029, 835247843046]

******************************************************
Sampling results below finished at: 2025-04-11 13:11:17.898085
Channel 8 results
Counts: [5, 5, 9]
Trial 0 timestamps: [873057817987, 873057818009, 873057822756, 873057824668, 873057824690]
Trial 1 timestamps: [873421255092, 873421256377, 873421257352, 873421259797, 873421259823]
Trial 2 timestamps: [873717549623, 873717549726, 873717549748, 873717553163, 873717554877, 873717556789, 873717556811, 873717556832, 873717561150]

Channel 10 results
Counts: [12, 7, 10]
Trial 0 timestamps: [873057814279, 873057815474, 873057815495, 873057817811, 873057817837, 873057820818, 873057820840, 873057824019, 873057824045, 873057825334, 873057825355, 873057825372]
Trial 1 timestamps: [873421251939, 873421253722, 873421256020, 873421256291, 873421256317, 873421259865, 873421259887]
Trial 2 timestamps: [873717549025, 873717551006, 873717552755, 873717553695, 873717554194, 873717554460, 873717558327, 873717558348, 873717558378, 873717561437]

******************************************************
Sampling results below finished at: 2025-04-11 16:05:53.236440
Channel 8 results
Counts: [4, 3, 4]
Trial 0 timestamps: [2968362754090, 2968362758056, 2968362760313, 2968362760337]
Trial 1 timestamps: [2968638071805, 2968638074613, 2968638074629]
Trial 2 timestamps: [2968900106222, 2968900106242, 2968900113558, 2968900113574]

Channel 10 results
Counts: [6, 6, 6]
Trial 0 timestamps: [2968362751493, 2968362754212, 2968362755512, 2968362758465, 2968362758485, 2968362762034]
Trial 1 timestamps: [2968638069298, 2968638071340, 2968638072960, 2968638072980, 2968638079830, 2968638079850]
Trial 2 timestamps: [2968900105497, 2968900107445, 2968900110585, 2968900113181, 2968900113194, 2968900113206]

******************************************************
Sampling results below finished at: 2025-04-11 16:07:43.586523
Channel 8 results
Counts: [4, 5, 3]
Trial 0 timestamps: [2990501298523, 2990501300605, 2990501300625, 2990501306210]
Trial 1 timestamps: [2990735358286, 2990735361453, 2990735362267, 2990735365373, 2990735365393]
Trial 2 timestamps: [2991011131651, 2991011136883, 2991011136907]

Channel 10 results
Counts: [3, 5, 4]
Trial 0 timestamps: [2990501303549, 2990501306149, 2990501306173]
Trial 1 timestamps: [2990735360947, 2990735364174, 2990735365227, 2990735367814, 2990735367835]
Trial 2 timestamps: [2991011131193, 2991011134113, 2991011135927, 2991011139349]

******************************************************
Sampling results below finished at: 2025-04-11 17:25:22.602354
Channel 8 results
Counts: [20, 22, 22]
Trial 0 timestamps: [222519644033, 222519644054, 222519644076, 222519645951, 222519645968, 222519645990, 222519647731, 222519647761, 222519648931, 222519649379, 222519649434, 222519649460, 222519651593, 222519651624, 222519651976, 222519652600, 222519653241, 222519653258, 222519653275, 222519654355]
Trial 1 timestamps: [223260707059, 223260707841, 223260707863, 223260709673, 223260709695, 223260709716, 223260710641, 223260711690, 223260711712, 223260711746, 223260712924, 223260712946, 223260714339, 223260714752, 223260715573, 223260715595, 223260715625, 223260717526, 223260717947, 223260718472, 223260719018, 223260719341]
Trial 2 timestamps: [224043035969, 224043035995, 224043037367, 224043037393, 224043037436, 224043038528, 224043039014, 224043039044, 224043039066, 224043041143, 224043041173, 224043042252, 224043042734, 224043042751, 224043043732, 224043045026, 224043045168, 224043045189, 224043046161, 224043047387, 224043048062, 224043048084]

Channel 10 results
Counts: [25, 26, 27]
Trial 0 timestamps: [222519644807, 222519644828, 222519645478, 222519645624, 222519647151, 222519647176, 222519647637, 222519647662, 222519647680, 222519647701, 222519649365, 222519650359, 222519650380, 222519650398, 222519650419, 222519652488, 222519652729, 222519652759, 222519652810, 222519654763, 222519654793, 222519654823, 222519655769, 222519655786, 222519655808]
Trial 1 timestamps: [223260707321, 223260707338, 223260708086, 223260708108, 223260708129, 223260709600, 223260710404, 223260710421, 223260711518, 223260711548, 223260711969, 223260712090, 223260713354, 223260713625, 223260713840, 223260713862, 223260715036, 223260715074, 223260715100, 223260716825, 223260716915, 223260717427, 223260718532, 223260718549, 223260719564, 223260719585]
Trial 2 timestamps: [224043035883, 224043036047, 224043036085, 224043037534, 224043037560, 224043037943, 224043037969, 224043038528, 224043038545, 224043039577, 224043039599, 224043041121, 224043041147, 224043042252, 224043042274, 224043042304, 224043042992, 224043043585, 224043044368, 224043044398, 224043045469, 224043046187, 224043046204, 224043046828, 224043046849, 224043047550, 224043047653]

******************************************************
Sampling results below finished at: 2025-04-11 17:33:09.766211
Channel 8 results
Counts: [22, 22, 21]
Trial 0 timestamps: [315961955139, 315961955156, 315961956236, 315961956257, 315961957573, 315961957599, 315961957857, 315961959684, 315961959706, 315961959723, 315961960725, 315961960746, 315961962483, 315961962978, 315961963004, 315961964070, 315961964887, 315961964909, 315961966474, 315961966495, 315961966512, 315961966534]
Trial 1 timestamps: [316730548404, 316730548989, 316730549011, 316730549032, 316730550490, 316730551896, 316730551918, 316730552657, 316730553242, 316730553784, 316730553806, 316730555104, 316730555603, 316730555620, 316730555638, 316730557375, 316730557392, 316730558932, 316730558953, 316730559336, 316730560596, 316730561056]
Trial 2 timestamps: [317500669880, 317500669906, 317500670650, 317500671488, 317500672422, 317500672452, 317500673024, 317500673708, 317500674778, 317500674843, 317500675823, 317500676507, 317500677127, 317500677144, 317500678825, 317500678843, 317500679234, 317500679784, 317500680662, 317500680679, 317500680701]

Channel 10 results
Counts: [25, 25, 26]
Trial 0 timestamps: [315961955964, 315961955982, 315961956012, 315961956037, 315961957585, 315961957611, 315961958570, 315961958596, 315961959383, 315961960135, 315961960256, 315961960458, 315961960479, 315961960492, 315961960505, 315961960527, 315961963730, 315961963777, 315961964775, 315961964796, 315961965712, 315961965764, 315961965790, 315961966774, 315961967501]
Trial 1 timestamps: [316730549045, 316730549066, 316730549083, 316730549105, 316730551195, 316730551384, 316730551410, 316730552300, 316730553165, 316730553577, 316730553599, 316730554747, 316730555603, 316730555642, 316730555663, 316730555689, 316730557121, 316730557151, 316730558325, 316730559142, 316730559164, 316730559181, 316730559198, 316730560884, 316730560914]
Trial 2 timestamps: [317500668985, 317500669006, 317500669372, 317500669398, 317500670271, 317500670292, 317500671419, 317500671484, 317500672555, 317500672580, 317500673535, 317500674503, 317500674937, 317500674963, 317500675677, 317500676047, 317500676064, 317500676081, 317500677500, 317500677526, 317500677548, 317500679208, 317500679616, 317500680567, 317500680588, 317500680614]

******************************************************
Sampling results below finished at: 2025-04-11 17:54:39.352953
Channel 8 results
Counts: [10, 10, 10]
Trial 0 timestamps: [574974792620, 574974794249, 574974795660, 574974795680, 574974798359, 574974800151, 574974800171, 574974801845, 574974803677, 574974803701]
Trial 1 timestamps: [575392771185, 575392771201, 575392774091, 575392774946, 575392776713, 575392776738, 575392779486, 575392780812, 575392782178, 575392783106]
Trial 2 timestamps: [575784653010, 575784653833, 575784655592, 575784656763, 575784656784, 575784659402, 575784660687, 575784662106, 575784663200, 575784664197]

Channel 10 results
Counts: [11, 9, 10]
Trial 0 timestamps: [574974793074, 574974793098, 574974795352, 574974796657, 574974797476, 574974799020, 574974800317, 574974800337, 574974802935, 574974804435, 574974804455]
Trial 1 timestamps: [575392772782, 575392774249, 575392775506, 575392775522, 575392775534, 575392778976, 575392778992, 575392779008, 575392782774]
Trial 2 timestamps: [575784653099, 575784653127, 575784653148, 575784656228, 575784656832, 575784658644, 575784659913, 575784660784, 575784662985, 575784663237]

******************************************************
Sampling results below finished at: 2025-04-11 18:17:05.076030
Channel 8 results
Counts: [0, 0, 0]
Trial 0 timestamps: []
Trial 1 timestamps: []
Trial 2 timestamps: []

Channel 10 results
Counts: [0, 0, 0]
Trial 0 timestamps: []
Trial 1 timestamps: []
Trial 2 timestamps: []

******************************************************
Sampling results below finished at: 2025-04-11 18:40:10.161288
Channel 8 results
Counts: [0, 0, 0]
Trial 0 timestamps: []
Trial 1 timestamps: []
Trial 2 timestamps: []

Channel 10 results
Counts: [0, 0, 0]
Trial 0 timestamps: []
Trial 1 timestamps: []
Trial 2 timestamps: []

******************************************************
Sampling results below finished at: 2025-04-11 18:42:56.762489
Channel 8 results
Counts: [0, 0, 0]
Trial 0 timestamps: []
Trial 1 timestamps: []
Trial 2 timestamps: []

Channel 10 results
Counts: [0, 0, 0]
Trial 0 timestamps: []
Trial 1 timestamps: []
Trial 2 timestamps: []

******************************************************
Sampling results below finished at: 2025-04-11 18:43:44.476515
Channel 8 results
Counts: [0, 0, 0]
Trial 0 timestamps: []
Trial 1 timestamps: []
Trial 2 timestamps: []

Channel 10 results
Counts: [0, 0, 0]
Trial 0 timestamps: []
Trial 1 timestamps: []
Trial 2 timestamps: []

******************************************************
Sampling results below finished at: 2025-04-11 18:45:07.474054
Channel 8 results
Counts: [0, 0, 0]
Trial 0 timestamps: []
Trial 1 timestamps: []
Trial 2 timestamps: []

Channel 10 results
Counts: [0, 0, 0]
Trial 0 timestamps: []
Trial 1 timestamps: []
Trial 2 timestamps: []

******************************************************
Sampling results below finished at: 2025-04-11 18:50:30.966721
Channel 8 results
Counts: [0, 0, 0]
Trial 0 timestamps: []
Trial 1 timestamps: []
Trial 2 timestamps: []

Channel 10 results
Counts: [0, 0, 0]
Trial 0 timestamps: []
Trial 1 timestamps: []
Trial 2 timestamps: []

******************************************************
Sampling results below finished at: 2025-04-11 18:51:50.099002
Channel 8 results
Counts: [0, 0, 0]
Trial 0 timestamps: []
Trial 1 timestamps: []
Trial 2 timestamps: []

Channel 10 results
Counts: [0, 0, 0]
Trial 0 timestamps: []
Trial 1 timestamps: []
Trial 2 timestamps: []

******************************************************
Sampling results below finished at: 2025-04-11 18:55:44.180004
Channel 8 results
Counts: [0, 0, 0]
Trial 0 timestamps: []
Trial 1 timestamps: []
Trial 2 timestamps: []

Channel 10 results
Counts: [0, 0, 0]
Trial 0 timestamps: []
Trial 1 timestamps: []
Trial 2 timestamps: []

******************************************************
Sampling results below finished at: 2025-04-11 19:07:30.798805
Channel 8 results
Counts: [0, 0, 0]
Trial 0 timestamps: []
Trial 1 timestamps: []
Trial 2 timestamps: []

Channel 10 results
Counts: [0, 0, 0]
Trial 0 timestamps: []
Trial 1 timestamps: []
Trial 2 timestamps: []

******************************************************
Sampling results below finished at: 2025-04-11 19:08:03.683066
Channel 8 results
Counts: [0, 0, 0]
Trial 0 timestamps: []
Trial 1 timestamps: []
Trial 2 timestamps: []

Channel 10 results
Counts: [0, 0, 0]
Trial 0 timestamps: []
Trial 1 timestamps: []
Trial 2 timestamps: []

******************************************************
Sampling results below finished at: 2025-04-11 19:13:31.387987
Channel 8 results
Counts: [0, 0, 0]
Trial 0 timestamps: []
Trial 1 timestamps: []
Trial 2 timestamps: []

Channel 10 results
Counts: [0, 0, 0]
Trial 0 timestamps: []
Trial 1 timestamps: []
Trial 2 timestamps: []

******************************************************
Sampling results below finished at: 2025-04-11 19:16:27.020929
Channel 8 results
Counts: [0, 0, 0]
Trial 0 timestamps: []
Trial 1 timestamps: []
Trial 2 timestamps: []

Channel 10 results
Counts: [0, 0, 0]
Trial 0 timestamps: []
Trial 1 timestamps: []
Trial 2 timestamps: []

******************************************************
Sampling results below finished at: 2025-04-11 19:29:47.651586
Channel 8 results
Counts: [0, 0, 0]
Trial 0 timestamps: []
Trial 1 timestamps: []
Trial 2 timestamps: []

Channel 10 results
Counts: [0, 0, 0]
Trial 0 timestamps: []
Trial 1 timestamps: []
Trial 2 timestamps: []

******************************************************
Sampling results below finished at: 2025-04-11 19:36:26.824488
Channel 8 results
Counts: [0, 0, 0]
Trial 0 timestamps: []
Trial 1 timestamps: []
Trial 2 timestamps: []

Channel 10 results
Counts: [0, 0, 0]
Trial 0 timestamps: []
Trial 1 timestamps: []
Trial 2 timestamps: []

******************************************************
Sampling results below finished at: 2025-04-11 19:39:37.160476
Channel 8 results
Counts: [0, 0, 0]
Trial 0 timestamps: []
Trial 1 timestamps: []
Trial 2 timestamps: []

Channel 10 results
Counts: [0, 0, 0]
Trial 0 timestamps: []
Trial 1 timestamps: []
Trial 2 timestamps: []

******************************************************
Sampling results below finished at: 2025-04-11 19:40:34.628350
Channel 8 results
Counts: [0, 0, 0]
Trial 0 timestamps: []
Trial 1 timestamps: []
Trial 2 timestamps: []

Channel 10 results
Counts: [0, 0, 0]
Trial 0 timestamps: []
Trial 1 timestamps: []
Trial 2 timestamps: []

******************************************************
Sampling results below finished at: 2025-04-11 19:45:37.834394
Channel 8 results
Counts: [335, 334, 334]
Trial 0 timestamps: [1877895234811, 1877895235001, 1877895236235, 1877895236762, 1877895236787, 1877895236803, 1877895238442, 1877895239059, 1877895239420, 1877895240337, 1877895240365, 1877895241944, 1877895241964, 1877895241984, 1877895242167, 1877895243209, 1877895243230, 1877895244711, 1877895244727, 1877895244743, 1877895244759, 1877895247109, 1877895247125, 1877895248281, 1877895248302, 1877895248326, 1877895249993, 1877895250586, 1877895251036, 1877895251056, 1877895252148, 1877895253219, 1877895253239, 1877895253264, 1877895254822, 1877895255195, 1877895255787, 1877895255840, 1877895255873, 1877895256648, 1877895258055, 1877895258088, 1877895259549, 1877895260157, 1877895260320, 1877895260819, 1877895260843, 1877895262214, 1877895262235, 1877895262251, 1877895264150, 1877895264178, 1877895265517, 1877895265537, 1877895266057, 1877895266933, 1877895267444, 1877895268374, 1877895268390, 1877895268402, 1877895268418, 1877895270910, 1877895270934, 1877895271340, 1877895271360, 1877895273186, 1877895273352, 1877895273389, 1877895273981, 1877895275864, 1877895275998, 1877895276805, 1877895276829, 1877895277844, 1877895277872, 1877895278672, 1877895279390, 1877895280672, 1877895280696, 1877895281386, 1877895281410, 1877895282331, 1877895283167, 1877895283184, 1877895284612, 1877895284819, 1877895285829, 1877895285861, 1877895286969, 1877895287367, 1877895287846, 1877895289323, 1877895289339, 1877895289351, 1877895289359, 1877895289375, 1877895291583, 1877895291611, 1877895293498, 1877895293526, 1877895294630, 1877895294650, 1877895295547, 1877895295575, 1877895296606, 1877895297174, 1877895297653, 1877895298837, 1877895298858, 1877895298886, 1877895300274, 1877895300675, 1877895300700, 1877895301576, 1877895302010, 1877895302574, 1877895303503, 1877895303524, 1877895304566, 1877895304587, 1877895306096, 1877895306546, 1877895306620, 1877895307877, 1877895308600, 1877895308620, 1877895309646, 1877895309663, 1877895309671, 1877895311748, 1877895312198, 1877895312369, 1877895313651, 1877895313744, 1877895314690, 1877895314710, 1877895315818, 1877895315834, 1877895316787, 1877895316925, 1877895318297, 1877895318317, 1877895318333, 1877895320447, 1877895320472, 1877895320488, 1877895320508, 1877895322030, 1877895322050, 1877895323612, 1877895324062, 1877895324079, 1877895325750, 1877895325767, 1877895325779, 1877895325803, 1877895327373, 1877895327398, 1877895328842, 1877895328866, 1877895330299, 1877895330323, 1877895331362, 1877895331382, 1877895331398, 1877895333374, 1877895333918, 1877895333938, 1877895335265, 1877895335330, 1877895335622, 1877895336835, 1877895336855, 1877895337306, 1877895338523, 1877895338568, 1877895339331, 1877895339911, 1877895341156, 1877895341177, 1877895341858, 1877895342272, 1877895342296, 1877895342313, 1877895344341, 1877895344362, 1877895345441, 1877895345465, 1877895346220, 1877895347056, 1877895347579, 1877895347685, 1877895348525, 1877895348545, 1877895350460, 1877895350476, 1877895351381, 1877895352407, 1877895352631, 1877895352651, 1877895352671, 1877895353759, 1877895354225, 1877895355361, 1877895355386, 1877895355402, 1877895357179, 1877895357199, 1877895357215, 1877895358855, 1877895358875, 1877895360579, 1877895360599, 1877895360624, 1877895362234, 1877895362624, 1877895363423, 1877895363926, 1877895363951, 1877895363975, 1877895365192, 1877895365212, 1877895366949, 1877895366969, 1877895368101, 1877895368122, 1877895368146, 1877895369489, 1877895369509, 1877895369530, 1877895370621, 1877895370658, 1877895372832, 1877895373908, 1877895373928, 1877895373944, 1877895373968, 1877895376070, 1877895376111, 1877895376127, 1877895376143, 1877895378391, 1877895378415, 1877895379357, 1877895379377, 1877895380217, 1877895381617, 1877895381633, 1877895381649, 1877895382899, 1877895382919, 1877895384416, 1877895384445, 1877895384465, 1877895385552, 1877895386449, 1877895386790, 1877895386810, 1877895387666, 1877895388859, 1877895389443, 1877895389468, 1877895390944, 1877895390965, 1877895390981, 1877895390997, 1877895393562, 1877895393578, 1877895393785, 1877895394462, 1877895395298, 1877895395351, 1877895396945, 1877895396966, 1877895397822, 1877895397976, 1877895398885, 1877895398966, 1877895398982, 1877895398994, 1877895401603, 1877895401619, 1877895402512, 1877895402910, 1877895403668, 1877895404309, 1877895404865, 1877895405121, 1877895406046, 1877895406577, 1877895407170, 1877895407515, 1877895407539, 1877895408919, 1877895409332, 1877895410034, 1877895410051, 1877895410071, 1877895411889, 1877895412643, 1877895412664, 1877895412684, 1877895414327, 1877895414903, 1877895414928, 1877895416181, 1877895416737, 1877895417220, 1877895417257, 1877895417277, 1877895419184, 1877895419350, 1877895419379, 1877895420324, 1877895421103, 1877895421582, 1877895422909, 1877895422929, 1877895423525, 1877895424568, 1877895424584, 1877895425651, 1877895425980, 1877895426000, 1877895426021, 1877895428232, 1877895428252, 1877895429283, 1877895429311, 1877895430382, 1877895430703, 1877895430731, 1877895432151, 1877895432180, 1877895432204]
Trial 1 timestamps: [1887947487165, 1887947487444, 1887947487996, 1887947488016, 1887947488032, 1887947490352, 1887947490372, 1887947490392, 1887947490408, 1887947492026, 1887947492083, 1887947493490, 1887947493522, 1887947493546, 1887947494941, 1887947494966, 1887947495890, 1887947496899, 1887947497086, 1887947497106, 1887947499113, 1887947499133, 1887947499154, 1887947500905, 1887947501327, 1887947501343, 1887947501359, 1887947502701, 1887947503172, 1887947504700, 1887947504725, 1887947504749, 1887947506529, 1887947506553, 1887947506582, 1887947507551, 1887947508070, 1887947508090, 1887947508909, 1887947510028, 1887947510044, 1887947510056, 1887947510069, 1887947512505, 1887947512526, 1887947512546, 1887947514111, 1887947514983, 1887947515206, 1887947515777, 1887947515798, 1887947517314, 1887947517991, 1887947518389, 1887947518413, 1887947518429, 1887947519828, 1887947519848, 1887947521466, 1887947521892, 1887947521916, 1887947523311, 1887947523335, 1887947524410, 1887947524430, 1887947524961, 1887947524985, 1887947525001, 1887947527710, 1887947527730, 1887947527746, 1887947528801, 1887947528821, 1887947530240, 1887947530666, 1887947531708, 1887947531728, 1887947532681, 1887947532705, 1887947533386, 1887947533406, 1887947534578, 1887947534590, 1887947534599, 1887947534607, 1887947534623, 1887947538231, 1887947538994, 1887947539014, 1887947540319, 1887947540340, 1887947541191, 1887947541216, 1887947542991, 1887947543020, 1887947544090, 1887947544410, 1887947545084, 1887947545104, 1887947545128, 1887947546105, 1887947547528, 1887947547549, 1887947547569, 1887947548842, 1887947549783, 1887947549807, 1887947551068, 1887947551761, 1887947551782, 1887947551871, 1887947552333, 1887947553699, 1887947554295, 1887947554470, 1887947555568, 1887947555585, 1887947555601, 1887947557713, 1887947557738, 1887947558524, 1887947558719, 1887947559761, 1887947559777, 1887947559793, 1887947561545, 1887947561577, 1887947563158, 1887947563183, 1887947563203, 1887947564590, 1887947564610, 1887947565786, 1887947566528, 1887947566552, 1887947566937, 1887947568482, 1887947568506, 1887947569281, 1887947569678, 1887947570570, 1887947571486, 1887947571511, 1887947572176, 1887947572723, 1887947573299, 1887947573331, 1887947573364, 1887947575103, 1887947576279, 1887947576490, 1887947576911, 1887947576931, 1887947578322, 1887947578711, 1887947578756, 1887947579689, 1887947580471, 1887947581043, 1887947581059, 1887947582206, 1887947582892, 1887947582912, 1887947584412, 1887947584432, 1887947584449, 1887947586277, 1887947586297, 1887947586322, 1887947587944, 1887947588463, 1887947588487, 1887947589756, 1887947589772, 1887947589788, 1887947590924, 1887947592460, 1887947592554, 1887947592574, 1887947593705, 1887947594362, 1887947594378, 1887947594398, 1887947596219, 1887947596276, 1887947596292, 1887947596300, 1887947598469, 1887947598493, 1887947599556, 1887947599584, 1887947600496, 1887947600516, 1887947600537, 1887947602556, 1887947602917, 1887947603971, 1887947603995, 1887947605203, 1887947605220, 1887947605236, 1887947606712, 1887947607441, 1887947608058, 1887947608086, 1887947609100, 1887947609120, 1887947610434, 1887947610868, 1887947611747, 1887947612380, 1887947612704, 1887947612733, 1887947614318, 1887947614334, 1887947614354, 1887947615360, 1887947615384, 1887947616674, 1887947617464, 1887947617484, 1887947618976, 1887947619114, 1887947619589, 1887947620274, 1887947621040, 1887947621052, 1887947621077, 1887947622788, 1887947623104, 1887947624353, 1887947624693, 1887947625026, 1887947625411, 1887947626226, 1887947626262, 1887947627292, 1887947627320, 1887947628958, 1887947628995, 1887947629019, 1887947630110, 1887947630503, 1887947630528, 1887947631878, 1887947632591, 1887947633463, 1887947633483, 1887947633507, 1887947635259, 1887947635717, 1887947635741, 1887947636208, 1887947636244, 1887947637606, 1887947637623, 1887947639528, 1887947639731, 1887947640485, 1887947640501, 1887947640509, 1887947642464, 1887947642764, 1887947642780, 1887947642800, 1887947644929, 1887947644949, 1887947644969, 1887947646372, 1887947646915, 1887947647507, 1887947647527, 1887947648861, 1887947649092, 1887947650179, 1887947650199, 1887947651103, 1887947651780, 1887947652474, 1887947653362, 1887947653763, 1887947653783, 1887947654464, 1887947654493, 1887947656074, 1887947657011, 1887947657161, 1887947657185, 1887947658211, 1887947658227, 1887947658243, 1887947659666, 1887947661195, 1887947661215, 1887947661718, 1887947662508, 1887947662521, 1887947662529, 1887947662537, 1887947662553, 1887947665683, 1887947666364, 1887947666397, 1887947667856, 1887947668075, 1887947668955, 1887947669790, 1887947670086, 1887947670106, 1887947670958, 1887947672276, 1887947672847, 1887947672876, 1887947673310, 1887947674214, 1887947674230, 1887947675860, 1887947675888, 1887947677157, 1887947677178, 1887947677202, 1887947678779, 1887947678799, 1887947679387, 1887947679420, 1887947680960, 1887947681804, 1887947682120, 1887947682140, 1887947682165, 1887947683628, 1887947683649, 1887947685461, 1887947685481]
Trial 2 timestamps: [1897942084881, 1897942084901, 1897942085774, 1897942085794, 1897942085810, 1897942088025, 1897942088670, 1897942088690, 1897942089242, 1897942090369, 1897942090390, 1897942091988, 1897942092008, 1897942093476, 1897942093935, 1897942094093, 1897942094125, 1897942094142, 1897942094162, 1897942096807, 1897942096827, 1897942096847, 1897942098093, 1897942098117, 1897942098989, 1897942100368, 1897942100392, 1897942101005, 1897942101025, 1897942101046, 1897942102238, 1897942102258, 1897942104311, 1897942104331, 1897942105759, 1897942105978, 1897942106497, 1897942107090, 1897942107110, 1897942108526, 1897942108546, 1897942109503, 1897942109527, 1897942110809, 1897942112018, 1897942112034, 1897942112663, 1897942112683, 1897942114334, 1897942114371, 1897942115600, 1897942115616, 1897942115632, 1897942115657, 1897942117579, 1897942117875, 1897942117904, 1897942118914, 1897942119364, 1897942119932, 1897942120841, 1897942122114, 1897942122130, 1897942122147, 1897942122155, 1897942124305, 1897942124321, 1897942124337, 1897942125870, 1897942125887, 1897942125903, 1897942127676, 1897942128608, 1897942128633, 1897942128913, 1897942128945, 1897942130742, 1897942130758, 1897942130775, 1897942132263, 1897942132292, 1897942133030, 1897942134421, 1897942134450, 1897942135476, 1897942136190, 1897942136210, 1897942136251, 1897942136291, 1897942138445, 1897942138465, 1897942139678, 1897942139699, 1897942140875, 1897942140891, 1897942142323, 1897942142380, 1897942142404, 1897942143556, 1897942143580, 1897942144793, 1897942145771, 1897942145787, 1897942145807, 1897942147823, 1897942148196, 1897942148221, 1897942149190, 1897942149567, 1897942149584, 1897942149592, 1897942151222, 1897942152695, 1897942152719, 1897942153287, 1897942153612, 1897942153632, 1897942155522, 1897942155615, 1897942156017, 1897942156037, 1897942157777, 1897942157802, 1897942157822, 1897942157850, 1897942159700, 1897942159720, 1897942160613, 1897942161668, 1897942161692, 1897942162519, 1897942162544, 1897942164016, 1897942164730, 1897942165193, 1897942165979, 1897942166426, 1897942166450, 1897942167521, 1897942167553, 1897942168657, 1897942168953, 1897942168973, 1897942168985, 1897942170737, 1897942170758, 1897942171894, 1897942173362, 1897942173496, 1897942173999, 1897942174011, 1897942174027, 1897942176011, 1897942176035, 1897942177560, 1897942177577, 1897942177585, 1897942177593, 1897942177609, 1897942180745, 1897942180769, 1897942181953, 1897942181970, 1897942181994, 1897942183592, 1897942183617, 1897942184533, 1897942184882, 1897942184898, 1897942184915, 1897942186630, 1897942186651, 1897942188399, 1897942188930, 1897942188951, 1897942188971, 1897942190732, 1897942191105, 1897942191133, 1897942192808, 1897942192825, 1897942192837, 1897942194325, 1897942194346, 1897942195684, 1897942196167, 1897942196747, 1897942196913, 1897942196938, 1897942198041, 1897942198698, 1897942198718, 1897942200568, 1897942200584, 1897942200605, 1897942202049, 1897942202077, 1897942202097, 1897942203773, 1897942203789, 1897942203801, 1897942203821, 1897942206502, 1897942206527, 1897942207119, 1897942207971, 1897942208149, 1897942209090, 1897942209111, 1897942210449, 1897942210474, 1897942211411, 1897942212404, 1897942212433, 1897942213337, 1897942213362, 1897942214234, 1897942214254, 1897942214278, 1897942216367, 1897942216733, 1897942216753, 1897942216773, 1897942218140, 1897942218164, 1897942219637, 1897942220026, 1897942221117, 1897942221637, 1897942221657, 1897942222521, 1897942222549, 1897942223758, 1897942223782, 1897942225251, 1897942225271, 1897942225295, 1897942226634, 1897942227340, 1897942227360, 1897942227376, 1897942229048, 1897942229924, 1897942229944, 1897942231153, 1897942231173, 1897942231186, 1897942232857, 1897942232885, 1897942233843, 1897942233863, 1897942233883, 1897942233903, 1897942236905, 1897942237132, 1897942237161, 1897942237814, 1897942239104, 1897942239128, 1897942240065, 1897942240085, 1897942240110, 1897942242466, 1897942242478, 1897942243103, 1897942243127, 1897942244275, 1897942244604, 1897942245675, 1897942245695, 1897942246742, 1897942247427, 1897942247719, 1897942247740, 1897942248750, 1897942248786, 1897942250060, 1897942250080, 1897942250802, 1897942250822, 1897942252538, 1897942253467, 1897942253763, 1897942253780, 1897942253800, 1897942255601, 1897942255970, 1897942256830, 1897942257219, 1897942257779, 1897942257808, 1897942259028, 1897942259049, 1897942259069, 1897942260647, 1897942261081, 1897942261113, 1897942262314, 1897942262338, 1897942263612, 1897942264371, 1897942264395, 1897942265997, 1897942266346, 1897942266370, 1897942266387, 1897942268317, 1897942268394, 1897942269283, 1897942270248, 1897942270264, 1897942270281, 1897942271457, 1897942271477, 1897942272305, 1897942273741, 1897942273777, 1897942274479, 1897942275355, 1897942275375, 1897942276320, 1897942276884, 1897942276909, 1897942278572, 1897942278917, 1897942278937, 1897942280482, 1897942280677, 1897942280868, 1897942281744, 1897942282608, 1897942282705, 1897942282729, 1897942282754]

Channel 10 results
Counts: [399, 398, 394]
Trial 0 timestamps: [1877895233764, 1877895233784, 1877895233800, 1877895233809, 1877895233821, 1877895236109, 1877895236937, 1877895236953, 1877895236969, 1877895238726, 1877895238747, 1877895238763, 1877895238775, 1877895240195, 1877895240223, 1877895241587, 1877895241607, 1877895242581, 1877895242605, 1877895242735, 1877895243713, 1877895244078, 1877895244106, 1877895244131, 1877895245620, 1877895246310, 1877895246784, 1877895246809, 1877895247989, 1877895248006, 1877895248026, 1877895249280, 1877895249304, 1877895249937, 1877895250334, 1877895251049, 1877895251755, 1877895251771, 1877895251787, 1877895251815, 1877895253836, 1877895253856, 1877895253873, 1877895254781, 1877895254806, 1877895256173, 1877895256193, 1877895256210, 1877895256238, 1877895257833, 1877895258847, 1877895258875, 1877895259756, 1877895259776, 1877895260385, 1877895261030, 1877895261054, 1877895261074, 1877895261813, 1877895261841, 1877895263201, 1877895263225, 1877895264548, 1877895264779, 1877895264799, 1877895266150, 1877895266171, 1877895266804, 1877895266820, 1877895266852, 1877895268642, 1877895268662, 1877895269242, 1877895269266, 1877895270780, 1877895270857, 1877895270885, 1877895272094, 1877895272119, 1877895272890, 1877895272910, 1877895272934, 1877895274456, 1877895274987, 1877895275008, 1877895275040, 1877895276103, 1877895276834, 1877895277158, 1877895278193, 1877895278213, 1877895278242, 1877895279406, 1877895280157, 1877895280177, 1877895280494, 1877895280514, 1877895280538, 1877895281804, 1877895281824, 1877895281841, 1877895281857, 1877895283999, 1877895284405, 1877895285480, 1877895285545, 1877895285967, 1877895286856, 1877895286872, 1877895287894, 1877895287919, 1877895288763, 1877895288787, 1877895288807, 1877895290004, 1877895290029, 1877895291210, 1877895291230, 1877895291246, 1877895291254, 1877895291270, 1877895293210, 1877895294322, 1877895294346, 1877895295235, 1877895295251, 1877895296127, 1877895296147, 1877895296967, 1877895297486, 1877895297511, 1877895298042, 1877895298059, 1877895298067, 1877895298083, 1877895301158, 1877895301179, 1877895301203, 1877895302408, 1877895302428, 1877895303114, 1877895303922, 1877895304546, 1877895304563, 1877895304575, 1877895305492, 1877895306506, 1877895306522, 1877895306530, 1877895306547, 1877895306571, 1877895309480, 1877895309505, 1877895309529, 1877895310523, 1877895310547, 1877895311760, 1877895311781, 1877895312418, 1877895312434, 1877895312442, 1877895312458, 1877895314710, 1877895315384, 1877895315818, 1877895315842, 1877895316832, 1877895316869, 1877895316889, 1877895318224, 1877895318488, 1877895318991, 1877895319713, 1877895319733, 1877895319754, 1877895319774, 1877895321961, 1877895321985, 1877895322010, 1877895322760, 1877895322780, 1877895322809, 1877895325073, 1877895325093, 1877895325101, 1877895325109, 1877895325126, 1877895327268, 1877895327864, 1877895328595, 1877895328619, 1877895328631, 1877895328643, 1877895328656, 1877895328676, 1877895331662, 1877895331682, 1877895332681, 1877895332697, 1877895332709, 1877895334409, 1877895334433, 1877895334462, 1877895335914, 1877895335935, 1877895335951, 1877895335971, 1877895337878, 1877895337898, 1877895339282, 1877895339302, 1877895340309, 1877895340520, 1877895340536, 1877895340544, 1877895340564, 1877895342560, 1877895342581, 1877895343749, 1877895343769, 1877895344329, 1877895344350, 1877895344366, 1877895345470, 1877895346735, 1877895346756, 1877895346772, 1877895347709, 1877895348659, 1877895348675, 1877895349681, 1877895349697, 1877895349714, 1877895350927, 1877895350947, 1877895351896, 1877895352485, 1877895352931, 1877895353795, 1877895353913, 1877895353933, 1877895353954, 1877895355812, 1877895355832, 1877895356424, 1877895356445, 1877895356473, 1877895357354, 1877895357374, 1877895358847, 1877895358879, 1877895359971, 1877895360494, 1877895360603, 1877895360628, 1877895361516, 1877895361537, 1877895363115, 1877895363350, 1877895363367, 1877895363379, 1877895363395, 1877895365241, 1877895365631, 1877895365655, 1877895366584, 1877895366612, 1877895366641, 1877895368588, 1877895368617, 1877895369205, 1877895369221, 1877895369238, 1877895370560, 1877895371254, 1877895371607, 1877895371627, 1877895372346, 1877895372370, 1877895373612, 1877895374078, 1877895374528, 1877895374841, 1877895375725, 1877895375750, 1877895375770, 1877895376768, 1877895376792, 1877895378131, 1877895378562, 1877895378841, 1877895379969, 1877895379990, 1877895380002, 1877895380018, 1877895382181, 1877895382590, 1877895382639, 1877895383471, 1877895383491, 1877895384266, 1877895384871, 1877895385552, 1877895385573, 1877895385589, 1877895385609, 1877895387682, 1877895387715, 1877895387747, 1877895387768, 1877895389058, 1877895389078, 1877895390231, 1877895390255, 1877895391363, 1877895391379, 1877895391387, 1877895391407, 1877895393765, 1877895393789, 1877895393805, 1877895394584, 1877895395728, 1877895395749, 1877895396621, 1877895396637, 1877895396653, 1877895397984, 1877895398004, 1877895399238, 1877895399258, 1877895400021, 1877895400045, 1877895400869, 1877895401457, 1877895401619, 1877895402358, 1877895402386, 1877895403417, 1877895403437, 1877895404675, 1877895404695, 1877895405778, 1877895405803, 1877895406598, 1877895406618, 1877895407491, 1877895407511, 1877895408785, 1877895408813, 1877895409170, 1877895409844, 1877895410448, 1877895410481, 1877895411678, 1877895411702, 1877895411714, 1877895411731, 1877895413000, 1877895413658, 1877895414372, 1877895415139, 1877895415159, 1877895415747, 1877895415772, 1877895416433, 1877895417646, 1877895417662, 1877895418409, 1877895418941, 1877895418973, 1877895419744, 1877895420198, 1877895420219, 1877895420235, 1877895421205, 1877895422191, 1877895422211, 1877895422231, 1877895423655, 1877895423672, 1877895424998, 1877895425591, 1877895425619, 1877895426086, 1877895426260, 1877895426284, 1877895427441, 1877895427461, 1877895428244, 1877895428260, 1877895429356, 1877895429380, 1877895430934, 1877895431048, 1877895431636, 1877895431652, 1877895431665, 1877895431681]
Trial 1 timestamps: [1887947486589, 1887947486626, 1887947487704, 1887947487947, 1887947487972, 1887947488803, 1887947488831, 1887947489817, 1887947489837, 1887947489853, 1887947489873, 1887947492055, 1887947492079, 1887947492099, 1887947493794, 1887947493810, 1887947493826, 1887947495148, 1887947495250, 1887947495270, 1887947496312, 1887947496340, 1887947497427, 1887947497994, 1887947498416, 1887947498903, 1887947498923, 1887947500119, 1887947500427, 1887947500447, 1887947501660, 1887947502548, 1887947502568, 1887947502588, 1887947502604, 1887947504210, 1887947504376, 1887947505155, 1887947505175, 1887947505187, 1887947505203, 1887947507052, 1887947507073, 1887947508090, 1887947508114, 1887947508143, 1887947509343, 1887947509931, 1887947509951, 1887947509976, 1887947511650, 1887947511670, 1887947511687, 1887947512465, 1887947513057, 1887947513730, 1887947513750, 1887947513771, 1887947515328, 1887947515668, 1887947516029, 1887947516045, 1887947516057, 1887947516074, 1887947518518, 1887947518810, 1887947518831, 1887947519621, 1887947520858, 1887947520874, 1887947521896, 1887947521920, 1887947522561, 1887947522585, 1887947524199, 1887947524219, 1887947524239, 1887947524264, 1887947525071, 1887947525091, 1887947525111, 1887947526518, 1887947526538, 1887947527897, 1887947528108, 1887947528416, 1887947529320, 1887947529344, 1887947529778, 1887947530844, 1887947530860, 1887947531740, 1887947531765, 1887947531781, 1887947531805, 1887947533800, 1887947533820, 1887947533845, 1887947535183, 1887947535207, 1887947536208, 1887947536229, 1887947536869, 1887947538057, 1887947538078, 1887947538086, 1887947538094, 1887947538106, 1887947541001, 1887947541025, 1887947541313, 1887947542570, 1887947542598, 1887947542619, 1887947542639, 1887947542659, 1887947544472, 1887947544585, 1887947545242, 1887947546126, 1887947546146, 1887947547383, 1887947547666, 1887947547695, 1887947548242, 1887947548258, 1887947549434, 1887947549454, 1887947549471, 1887947550748, 1887947550768, 1887947550780, 1887947550792, 1887947552532, 1887947552990, 1887947553318, 1887947553343, 1887947553367, 1887947555062, 1887947555346, 1887947556173, 1887947556404, 1887947556428, 1887947556448, 1887947557681, 1887947557705, 1887947558788, 1887947558812, 1887947560012, 1887947560114, 1887947560134, 1887947560150, 1887947560166, 1887947562372, 1887947563491, 1887947563511, 1887947563536, 1887947564468, 1887947564493, 1887947564509, 1887947564529, 1887947566532, 1887947566548, 1887947567902, 1887947568186, 1887947568215, 1887947568235, 1887947569532, 1887947570092, 1887947570627, 1887947570647, 1887947570672, 1887947572687, 1887947572703, 1887947572715, 1887947572731, 1887947572748, 1887947574734, 1887947574815, 1887947574836, 1887947575667, 1887947576101, 1887947577143, 1887947577159, 1887947577179, 1887947578318, 1887947579133, 1887947579158, 1887947579194, 1887947579219, 1887947579247, 1887947581088, 1887947581096, 1887947581108, 1887947581116, 1887947583605, 1887947583776, 1887947583796, 1887947585523, 1887947585539, 1887947585552, 1887947585572, 1887947587376, 1887947587859, 1887947587883, 1887947589176, 1887947589310, 1887947589326, 1887947589343, 1887947591228, 1887947591958, 1887947591982, 1887947592006, 1887947593239, 1887947593259, 1887947593284, 1887947594273, 1887947594293, 1887947594317, 1887947595968, 1887947595988, 1887947596004, 1887947597581, 1887947597642, 1887947597922, 1887947598587, 1887947598607, 1887947599402, 1887947600103, 1887947600132, 1887947601526, 1887947601546, 1887947601563, 1887947602836, 1887947602852, 1887947602864, 1887947602880, 1887947604510, 1887947604887, 1887947604904, 1887947605848, 1887947606854, 1887947606870, 1887947607880, 1887947607900, 1887947607920, 1887947609112, 1887947609124, 1887947609132, 1887947609149, 1887947610762, 1887947611379, 1887947612384, 1887947613053, 1887947613065, 1887947613073, 1887947613094, 1887947615198, 1887947615218, 1887947616284, 1887947616305, 1887947616329, 1887947618048, 1887947618320, 1887947618336, 1887947618356, 1887947619893, 1887947619913, 1887947619937, 1887947619954, 1887947621815, 1887947621831, 1887947621851, 1887947623278, 1887947623295, 1887947623311, 1887947623822, 1887947625038, 1887947625066, 1887947626262, 1887947626275, 1887947626283, 1887947626295, 1887947626307, 1887947629109, 1887947629125, 1887947629137, 1887947630787, 1887947630812, 1887947631849, 1887947632226, 1887947632758, 1887947632774, 1887947632790, 1887947634177, 1887947634335, 1887947635296, 1887947635316, 1887947636244, 1887947636261, 1887947636273, 1887947637716, 1887947637736, 1887947637757, 1887947639119, 1887947639309, 1887947639800, 1887947640538, 1887947640554, 1887947640562, 1887947642521, 1887947642541, 1887947643226, 1887947643246, 1887947643258, 1887947644556, 1887947644613, 1887947645529, 1887947645553, 1887947646907, 1887947647215, 1887947647236, 1887947647528, 1887947647548, 1887947649385, 1887947650090, 1887947650114, 1887947650139, 1887947651639, 1887947651651, 1887947651659, 1887947651679, 1887947653852, 1887947654246, 1887947654262, 1887947654278, 1887947655170, 1887947655190, 1887947655219, 1887947656184, 1887947656978, 1887947658041, 1887947658061, 1887947658081, 1887947658852, 1887947659975, 1887947660185, 1887947660931, 1887947660956, 1887947661499, 1887947661990, 1887947662014, 1887947662436, 1887947663571, 1887947663595, 1887947663611, 1887947665237, 1887947665257, 1887947665282, 1887947665302, 1887947667520, 1887947667540, 1887947668116, 1887947668306, 1887947669170, 1887947669182, 1887947669194, 1887947669207, 1887947671611, 1887947671635, 1887947671676, 1887947672993, 1887947673018, 1887947673042, 1887947674376, 1887947674522, 1887947674546, 1887947674567, 1887947676002, 1887947676497, 1887947676509, 1887947676525, 1887947676537, 1887947679655, 1887947679671, 1887947679683, 1887947679704, 1887947681472, 1887947681634, 1887947681654, 1887947681674, 1887947683122, 1887947683138, 1887947683150, 1887947684602, 1887947684618, 1887947684930, 1887947685559]
Trial 2 timestamps: [1897942086402, 1897942087043, 1897942087457, 1897942087481, 1897942087506, 1897942089278, 1897942089299, 1897942090041, 1897942090061, 1897942090081, 1897942090102, 1897942092089, 1897942092114, 1897942092933, 1897942092949, 1897942092957, 1897942092974, 1897942095403, 1897942095424, 1897942095440, 1897942096900, 1897942097492, 1897942097513, 1897942097529, 1897942097549, 1897942099740, 1897942099760, 1897942099768, 1897942100701, 1897942101654, 1897942101946, 1897942101971, 1897942102960, 1897942103041, 1897942103062, 1897942104482, 1897942104502, 1897942104522, 1897942105978, 1897942106429, 1897942106457, 1897942106477, 1897942106502, 1897942107934, 1897942107954, 1897942109114, 1897942109134, 1897942109159, 1897942110108, 1897942110534, 1897942111686, 1897942111698, 1897942111706, 1897942111722, 1897942113864, 1897942113884, 1897942114306, 1897942114330, 1897942115413, 1897942115430, 1897942115442, 1897942115458, 1897942115474, 1897942118391, 1897942118411, 1897942119174, 1897942119194, 1897942120455, 1897942120476, 1897942120500, 1897942121753, 1897942122309, 1897942122321, 1897942122329, 1897942122342, 1897942122354, 1897942125575, 1897942125603, 1897942125899, 1897942126507, 1897942126528, 1897942127522, 1897942127550, 1897942128613, 1897942129246, 1897942129777, 1897942130057, 1897942130085, 1897942131197, 1897942131229, 1897942132016, 1897942133014, 1897942133432, 1897942133460, 1897942134649, 1897942134673, 1897942135294, 1897942136194, 1897942136206, 1897942136218, 1897942138113, 1897942138547, 1897942138567, 1897942138664, 1897942139492, 1897942140319, 1897942140567, 1897942141244, 1897942141260, 1897942141268, 1897942141281, 1897942141289, 1897942143281, 1897942144274, 1897942144286, 1897942145633, 1897942145747, 1897942146623, 1897942146647, 1897942146671, 1897942147523, 1897942147544, 1897942148817, 1897942148842, 1897942149641, 1897942149908, 1897942150703, 1897942151344, 1897942152212, 1897942152228, 1897942152241, 1897942152849, 1897942153766, 1897942153786, 1897942154792, 1897942154816, 1897942156046, 1897942156066, 1897942156703, 1897942156727, 1897942156751, 1897942156776, 1897942158735, 1897942159477, 1897942159498, 1897942160422, 1897942160447, 1897942160471, 1897942160495, 1897942161793, 1897942162718, 1897942162978, 1897942163838, 1897942164649, 1897942164669, 1897942165233, 1897942165757, 1897942165773, 1897942166227, 1897942166247, 1897942166669, 1897942167229, 1897942168795, 1897942168815, 1897942169070, 1897942169496, 1897942169886, 1897942170835, 1897942171082, 1897942171683, 1897942172263, 1897942172381, 1897942172782, 1897942172810, 1897942174607, 1897942174632, 1897942175691, 1897942175707, 1897942175723, 1897942177431, 1897942177451, 1897942178429, 1897942178445, 1897942178457, 1897942179905, 1897942179921, 1897942179929, 1897942179950, 1897942182258, 1897942182448, 1897942183418, 1897942183556, 1897942183629, 1897942183645, 1897942183653, 1897942184882, 1897942184903, 1897942186493, 1897942186513, 1897942187300, 1897942187332, 1897942188002, 1897942188022, 1897942189458, 1897942189490, 1897942190310, 1897942190334, 1897942191454, 1897942191470, 1897942191478, 1897942191494, 1897942191510, 1897942194423, 1897942194439, 1897942194455, 1897942194472, 1897942196524, 1897942196544, 1897942196561, 1897942197871, 1897942198094, 1897942198662, 1897942199453, 1897942200345, 1897942200361, 1897942200374, 1897942200390, 1897942201968, 1897942203278, 1897942203298, 1897942203310, 1897942203327, 1897942205140, 1897942205160, 1897942205172, 1897942205184, 1897942205201, 1897942207468, 1897942207484, 1897942207501, 1897942208681, 1897942208709, 1897942209841, 1897942209861, 1897942211013, 1897942211034, 1897942211545, 1897942212137, 1897942212595, 1897942213374, 1897942213394, 1897942213419, 1897942213439, 1897942215220, 1897942215861, 1897942215873, 1897942215889, 1897942217187, 1897942218055, 1897942218448, 1897942218838, 1897942218858, 1897942218878, 1897942220708, 1897942220781, 1897942220809, 1897942221994, 1897942222476, 1897942222513, 1897942223612, 1897942223904, 1897942223929, 1897942225320, 1897942225563, 1897942225588, 1897942225612, 1897942227166, 1897942227190, 1897942228318, 1897942228342, 1897942229194, 1897942229267, 1897942229291, 1897942229328, 1897942230906, 1897942231457, 1897942231482, 1897942231506, 1897942232447, 1897942232468, 1897942233705, 1897942234666, 1897942234691, 1897942234707, 1897942235915, 1897942236135, 1897942236167, 1897942236926, 1897942236950, 1897942238219, 1897942238248, 1897942238978, 1897942238998, 1897942239019, 1897942240207, 1897942240840, 1897942240860, 1897942240893, 1897942242142, 1897942242162, 1897942243030, 1897942243059, 1897942244405, 1897942244633, 1897942245338, 1897942245359, 1897942246280, 1897942246511, 1897942246531, 1897942247196, 1897942248056, 1897942248068, 1897942248081, 1897942248093, 1897942248105, 1897942250839, 1897942250859, 1897942250880, 1897942252640, 1897942252977, 1897942252997, 1897942253471, 1897942253500, 1897942254623, 1897942254660, 1897942255374, 1897942255394, 1897942256351, 1897942256960, 1897942257702, 1897942257727, 1897942258737, 1897942258842, 1897942258866, 1897942259710, 1897942260225, 1897942260245, 1897942261544, 1897942261759, 1897942261823, 1897942261844, 1897942264083, 1897942264221, 1897942264241, 1897942265190, 1897942265218, 1897942265596, 1897942265868, 1897942267446, 1897942267462, 1897942267478, 1897942268212, 1897942268800, 1897942269441, 1897942269462, 1897942270516, 1897942270536, 1897942270557, 1897942271956, 1897942272256, 1897942272272, 1897942274037, 1897942274057, 1897942274937, 1897942275002, 1897942275672, 1897942275688, 1897942275704, 1897942276917, 1897942276941, 1897942277083, 1897942278454, 1897942279188, 1897942279209, 1897942279233, 1897942279257, 1897942280856, 1897942280880, 1897942281606, 1897942282162, 1897942282498, 1897942283322, 1897942283346, 1897942283379]

******************************************************
Sampling results below finished at: 2025-04-11 19:47:07.729308
Channel 8 results
Counts: [19, 21, 21]
Trial 0 timestamps: [1923742124934, 1923742124951, 1923742124967, 1923742126225, 1923742126253, 1923742127478, 1923742127498, 1923742127523, 1923742129920, 1923742129941, 1923742129965, 1923742131360, 1923742131425, 1923742132456, 1923742132975, 1923742132995, 1923742133012, 1923742134707, 1923742134732]
Trial 1 timestamps: [1924432801264, 1924432801941, 1924432801965, 1924432802623, 1924432803470, 1924432803491, 1924432804079, 1924432804099, 1924432804120, 1924432806249, 1924432806274, 1924432807998, 1924432808014, 1924432808030, 1924432809535, 1924432810525, 1924432810545, 1924432811726, 1924432811742, 1924432811758, 1924432812760]
Trial 2 timestamps: [1925150898597, 1925150898625, 1925150898666, 1925150900995, 1925150901019, 1925150902147, 1925150902451, 1925150902475, 1925150903911, 1925150903932, 1925150903940, 1925150905777, 1925150905802, 1925150905838, 1925150907242, 1925150907530, 1925150907749, 1925150909051, 1925150909067, 1925150909879, 1925150909895]

Channel 10 results
Counts: [25, 25, 23]
Trial 0 timestamps: [1923742123275, 1923742123296, 1923742124991, 1923742125154, 1923742125182, 1923742125673, 1923742126882, 1923742126902, 1923742126931, 1923742128123, 1923742128148, 1923742128172, 1923742129434, 1923742130261, 1923742130282, 1923742130302, 1923742130318, 1923742130338, 1923742132460, 1923742132845, 1923742133166, 1923742133186, 1923742133202, 1923742134963, 1923742134983]
Trial 1 timestamps: [1924432801499, 1924432801523, 1924432801548, 1924432803260, 1924432803280, 1924432803621, 1924432803641, 1924432803661, 1924432805288, 1924432805316, 1924432806018, 1924432806136, 1924432806891, 1924432806907, 1924432807986, 1924432808002, 1924432809402, 1924432809418, 1924432809438, 1924432810521, 1924432810542, 1924432810566, 1924432811673, 1924432812809, 1924432812825]
Trial 2 timestamps: [1925150899538, 1925150900232, 1925150900252, 1925150901441, 1925150901469, 1925150902427, 1925150902443, 1925150902455, 1925150902471, 1925150904479, 1925150904508, 1925150905007, 1925150905031, 1925150905064, 1925150906321, 1925150906337, 1925150906354, 1925150907465, 1925150907907, 1925150908504, 1925150908901, 1925150909794, 1925150909871]

******************************************************
Sampling results below finished at: 2025-04-11 19:48:21.823074
Channel 8 results
Counts: [22, 17, 19]
Trial 0 timestamps: [1938560364536, 1938560364556, 1938560364577, 1938560366516, 1938560366532, 1938560366548, 1938560368589, 1938560368601, 1938560369047, 1938560369068, 1938560370727, 1938560370743, 1938560372021, 1938560372045, 1938560372070, 1938560373915, 1938560374130, 1938560374990, 1938560375007, 1938560376216, 1938560376426, 1938560376447]
Trial 1 timestamps: [1939246616466, 1939246617172, 1939246617197, 1939246618633, 1939246618657, 1939246618969, 1939246619959, 1939246620548, 1939246621075, 1939246621099, 1939246622032, 1939246623209, 1939246623651, 1939246623667, 1939246624738, 1939246625590, 1939246625785]
Trial 2 timestamps: [1939947232288, 1939947232727, 1939947233534, 1939947234264, 1939947234654, 1939947235189, 1939947235761, 1939947235806, 1939947236844, 1939947236860, 1939947238025, 1939947238086, 1939947238804, 1939947240061, 1939947240082, 1939947241319, 1939947241436, 1939947241457, 1939947242382]

Channel 10 results
Counts: [22, 28, 27]
Trial 0 timestamps: [1938560366102, 1938560366484, 1938560366504, 1938560367628, 1938560367648, 1938560367672, 1938560368719, 1938560368739, 1938560368759, 1938560370532, 1938560370548, 1938560370573, 1938560372337, 1938560372354, 1938560373023, 1938560373039, 1938560373056, 1938560373972, 1938560375238, 1938560375628, 1938560376329, 1938560376382]
Trial 1 timestamps: [1939246613727, 1939246613736, 1939246613744, 1939246615680, 1939246615700, 1939246617436, 1939246617464, 1939246617485, 1939246618507, 1939246618527, 1939246619103, 1939246619128, 1939246620162, 1939246620183, 1939246620207, 1939246621124, 1939246622816, 1939246622836, 1939246622856, 1939246624053, 1939246624081, 1939246624605, 1939246624978, 1939246625120, 1939246625801, 1939246625822, 1939246625834, 1939246625850]
Trial 2 timestamps: [1939947231145, 1939947231173, 1939947232216, 1939947232978, 1939947232998, 1939947234362, 1939947234386, 1939947234414, 1939947235433, 1939947235453, 1939947236268, 1939947236739, 1939947236755, 1939947236767, 1939947236784, 1939947238435, 1939947238877, 1939947239088, 1939947239112, 1939947239136, 1939947241189, 1939947241209, 1939947241226, 1939947241242, 1939947242743, 1939947243019, 1939947243039]

******************************************************
Sampling results below finished at: 2025-04-11 19:53:50.428781
Channel 8 results
Counts: [8, 8, 9]
Trial 0 timestamps: [2005407767029, 2005407767050, 2005407769818, 2005407771108, 2005407773236, 2005407774870, 2005407776159, 2005407776183]
Trial 1 timestamps: [2005744983957, 2005744985728, 2005744986624, 2005744988181, 2005744990236, 2005744991529, 2005744991545, 2005744994813]
Trial 2 timestamps: [2006042668146, 2006042668166, 2006042671247, 2006042673140, 2006042674733, 2006042674749, 2006042677550, 2006042678815, 2006042680412]

Channel 10 results
Counts: [10, 7, 9]
Trial 0 timestamps: [2005407766867, 2005407767175, 2005407769405, 2005407769920, 2005407771760, 2005407773009, 2005407773029, 2005407776597, 2005407777785, 2005407777805]
Trial 1 timestamps: [2005744985068, 2005744986292, 2005744986312, 2005744989514, 2005744990694, 2005744990714, 2005744993666]
Trial 2 timestamps: [2006042669062, 2006042669083, 2006042671211, 2006042672820, 2006042674806, 2006042674831, 2006042677928, 2006042679602, 2006042679626]

******************************************************
Sampling results below finished at: 2025-04-11 19:54:46.069279
Channel 8 results
Counts: [17, 16, 15]
Trial 0 timestamps: [2015867658210, 2015867660098, 2015867662469, 2015867663502, 2015867664309, 2015867666582, 2015867666602, 2015867669666, 2015867671526, 2015867671550, 2015867674310, 2015867676032, 2015867677536, 2015867679546, 2015867679578, 2015867682581, 2015867682597]
Trial 1 timestamps: [2016434146996, 2016434148710, 2016434150315, 2016434151596, 2016434152795, 2016434154943, 2016434156730, 2016434157946, 2016434159174, 2016434161054, 2016434163202, 2016434164912, 2016434165889, 2016434167644, 2016434169176, 2016434171263]
Trial 2 timestamps: [2016984446549, 2016984446569, 2016984449783, 2016984450987, 2016984451007, 2016984454788, 2016984456044, 2016984457556, 2016984459035, 2016984459059, 2016984462180, 2016984464400, 2016984466220, 2016984467420, 2016984469211]

Channel 10 results
Counts: [18, 18, 17]
Trial 0 timestamps: [2015867658396, 2015867660273, 2015867661391, 2015867662931, 2015867664289, 2015867665760, 2015867667271, 2015867667741, 2015867670229, 2015867670246, 2015867673321, 2015867674286, 2015867675566, 2015867677280, 2015867677799, 2015867680717, 2015867681852, 2015867682784]
Trial 1 timestamps: [2016434146595, 2016434148516, 2016434148536, 2016434151183, 2016434151207, 2016434153760, 2016434155389, 2016434155409, 2016434158404, 2016434159555, 2016434159579, 2016434162992, 2016434164224, 2016434165881, 2016434167441, 2016434167466, 2016434170420, 2016434171688]
Trial 2 timestamps: [2016984445463, 2016984445487, 2016984448450, 2016984450063, 2016984451453, 2016984452579, 2016984454922, 2016984456296, 2016984456312, 2016984456328, 2016984459696, 2016984461726, 2016984463160, 2016984464542, 2016984465203, 2016984467574, 2016984469077]

******************************************************
Sampling results below finished at: 2025-04-11 20:11:32.158857
Channel 8 results
Counts: [9, 8, 7]
Trial 0 timestamps: [2217924716772, 2217924718657, 2217924719722, 2217924721384, 2217924723171, 2217924724305, 2217924726725, 2217924728131, 2217924728147]
Trial 1 timestamps: [2218190048898, 2218190051406, 2218190052424, 2218190053546, 2218190055568, 2218190056508, 2218190058923, 2218190058948]
Trial 2 timestamps: [2218429593616, 2218429594795, 2218429597202, 2218429597993, 2218429599755, 2218429601165, 2218429601186]

Channel 10 results
Counts: [9, 8, 8]
Trial 0 timestamps: [2217924715946, 2217924717308, 2217924718977, 2217924718993, 2217924719014, 2217924722721, 2217924724922, 2217924724942, 2217924727527]
Trial 1 timestamps: [2218190049620, 2218190051390, 2218190051411, 2218190053955, 2218190055443, 2218190055459, 2218190057931, 2218190059454]
Trial 2 timestamps: [2218429593710, 2218429595452, 2218429596737, 2218429598673, 2218429599808, 2218429600651, 2218429602332, 2218429603654]

******************************************************
Sampling results below finished at: 2025-04-11 20:30:20.301234
Channel 8 results
Counts: [7, 7, 8]
Trial 0 timestamps: [2443554301570, 2443554302969, 2443554304438, 2443554305630, 2443554307695, 2443554309147, 2443554310947]
Trial 1 timestamps: [2443792864895, 2443792866737, 2443792867961, 2443792869422, 2443792870886, 2443792872593, 2443792874520]
Trial 2 timestamps: [2444017714651, 2444017716241, 2444017717762, 2444017718909, 2444017720986, 2444017721010, 2444017724215, 2444017725853]

Channel 10 results
Counts: [9, 8, 10]
Trial 0 timestamps: [2443554300065, 2443554301878, 2443554301899, 2443554304571, 2443554304584, 2443554307962, 2443554309406, 2443554309426, 2443554311556]
Trial 1 timestamps: [2443792865147, 2443792866031, 2443792867475, 2443792869284, 2443792870310, 2443792871721, 2443792873616, 2443792874532]
Trial 2 timestamps: [2444017714444, 2444017714748, 2444017716667, 2444017717831, 2444017719429, 2444017721169, 2444017721964, 2444017723473, 2444017725638, 2444017725663]

******************************************************
